------------------full eval metric------------------
de/abs_rel: 0.08114 
de/sq_rel: 0.42899 
de/rms: 3.69673 
de/log_rms: 0.12772 
da/a1: 0.91598 
da/a2: 0.98257 
da/a3: 0.99588 

------------------bbox eval metric------------------
de/abs_rel: 0.11545 
de/sq_rel: 0.91519 
de/rms: 4.79285 
de/log_rms: 0.16091 
da/a1: 0.85894 
da/a2: 0.96587 
da/a3: 0.99074 
