------------------full eval metric------------------
de/abs_rel: 0.08144 
de/sq_rel: 0.42742 
de/rms: 3.67307 
de/log_rms: 0.12778 
da/a1: 0.9148 
da/a2: 0.98245 
da/a3: 0.99575 

------------------bbox eval metric------------------
de/abs_rel: 0.11714 
de/sq_rel: 0.94885 
de/rms: 4.8312 
de/log_rms: 0.16208 
da/a1: 0.85373 
da/a2: 0.96523 
da/a3: 0.98842 
