------------------full eval metric------------------
de/abs_rel: 0.08185 
de/sq_rel: 0.4511 
de/rms: 3.80243 
de/log_rms: 0.1312 
da/a1: 0.91434 
da/a2: 0.97987 
da/a3: 0.99464 

------------------bbox eval metric------------------
de/abs_rel: 0.11904 
de/sq_rel: 0.97915 
de/rms: 4.8967 
de/log_rms: 0.16509 
da/a1: 0.85018 
da/a2: 0.96193 
da/a3: 0.98963 
