------------------full eval metric------------------
de/abs_rel: 0.08191 
de/sq_rel: 0.4436 
de/rms: 3.70596 
de/log_rms: 0.12985 
da/a1: 0.91371 
da/a2: 0.97992 
da/a3: 0.99483 

------------------bbox eval metric------------------
de/abs_rel: 0.11499 
de/sq_rel: 0.91812 
de/rms: 4.74189 
de/log_rms: 0.16145 
da/a1: 0.86158 
da/a2: 0.96339 
da/a3: 0.98855 
