------------------full eval metric------------------
de/abs_rel: 0.09621 
de/sq_rel: 0.50559 
de/rms: 3.73712 
de/log_rms: 0.13956 
da/a1: 0.90039 
da/a2: 0.97692 
da/a3: 0.99358 

------------------bbox eval metric------------------
de/abs_rel: 0.14002 
de/sq_rel: 1.10165 
de/rms: 4.9944 
de/log_rms: 0.17727 
da/a1: 0.82612 
da/a2: 0.96068 
da/a3: 0.98616 
