------------------full eval metric------------------
de/abs_rel: 0.15135 
de/sq_rel: 1.08631 
de/rms: 5.80162 
de/log_rms: 0.22018 
da/a1: 0.78458 
da/a2: 0.93004 
da/a3: 0.97626 

------------------bbox eval metric------------------
de/abs_rel: 0.23727 
de/sq_rel: 2.71013 
de/rms: 7.81291 
de/log_rms: 0.28545 
da/a1: 0.64711 
da/a2: 0.85664 
da/a3: 0.94614 
