------------------full eval metric------------------
de/abs_rel: 0.07499 
de/sq_rel: 0.36484 
de/rms: 3.31347 
de/log_rms: 0.11651 
da/a1: 0.93448 
da/a2: 0.98753 
da/a3: 0.99725 

------------------bbox eval metric------------------
de/abs_rel: 0.10124 
de/sq_rel: 0.7761 
de/rms: 4.37978 
de/log_rms: 0.14622 
da/a1: 0.89457 
da/a2: 0.97545 
da/a3: 0.99198 
