------------------full eval metric------------------
de/abs_rel: 0.11591 
de/sq_rel: 0.83587 
de/rms: 5.54913 
de/log_rms: 0.18786 
da/a1: 0.83995 
da/a2: 0.95182 
da/a3: 0.98579 

------------------bbox eval metric------------------
de/abs_rel: 0.19247 
de/sq_rel: 1.95088 
de/rms: 7.13137 
de/log_rms: 0.24999 
da/a1: 0.70256
da/a2: 0.8906 
da/a3: 0.96109 

