------------------full eval metric------------------
de/abs_rel: 0.07121 
de/sq_rel: 0.33129 
de/rms: 3.12708 
de/log_rms: 0.11006 
da/a1: 0.94172 
da/a2: 0.98951 
da/a3: 0.99741 

------------------bbox eval metric------------------
de/abs_rel: 0.1001 
de/sq_rel: 0.74625 
de/rms: 4.27062 
de/log_rms: 0.14358 
da/a1: 0.9018 
da/a2: 0.97545 
da/a3: 0.99274 
